Template: NONE
WaveSpeed: 0.6086956
WaveAmplitude: 0.25
SecondWaveAmplitude: 0
Clouds: 0.5108696
Grime: 0.9565217
Palette: 13
EffectColorA: 6
EffectColorB: 6
Effects: Fog-0.5-20-20, Darkness-0.06521739-28-67, BorderPushBack-1-197-132, 
PlacedObjects: Filter><331.0545><269.5421><0~100~0~0~, 
FadePalette: 5, 0.1413043, 0.1413043, 0.1413043
