CeilingDrips: 0.6195652
WaveAmplitude: 0.1630435
SecondWaveAmplitude: 0.3478261
Palette: 13
EffectColorA: 6
EffectColorB: 0
Effects: WaterDepth-0.0326087-257-228, SunBlock-1-328-315, Darkness-0.3043478-441-400, 
FadePalette: 27, 0.2608696
