WaveAmplitude: 0.1542796
SecondWaveAmplitude: 0.3478261
Effects: BorderPushBack-0-20-20, 
