DangerType: FloodAndRain
WaveAmplitude: 0.2276608
SecondWaveAmplitude: 0.3478261
Clouds: 0
WaterReflectionAlpha: 0
EffectColorA: 6
Effects: WaterDepth-0.06959899-303.8719-255.3778, Darkness-0.3866617-294.623-313.8323, 
PlacedObjects: LightBeam><129.5701><605.3867><-4.980209~156.6793~62.05522~158.8136~112.5687~4.980225~197.074~-214.8604~0.4~0~0~1~None~0~0, 
FadePalette: 27, 0.7423913, 0.7423912, 0.7423915
