DangerType: None
WaveSpeed: 0.5
WaveLength: 0.75
WaveAmplitude: 0.06592433
SecondWaveLength: 0.5144925
SecondWaveAmplitude: 0.3478261
Clouds: 0
Grime: 0.1056044
WaterReflectionAlpha: 0
EffectColorA: 6
EffectColorB: 6
Effects: Darkness-0.5026608-327.35-283.951, 
FadePalette: 26, 0.4200068
